Feature	Gain	Cover	Frequency
ctrx_quarter	0.0873406838060142	0.0110119454157276	0.0111244072153526
mcaja_ahorro	0.039604335156608	0.00974567763591187	0.00974161237424101
ctrx_quarter_lag1	0.0284074977582621	0.00931045670032428	0.0106989318796259
mcuenta_corriente	0.02676452416448	0.013473015760736	0.0142711518858308
mtarjeta_visa_consumo	0.022968059538297	0.00791994823893924	0.00545140273899747
cpayroll_trx	0.0206663245715647	0.00681079105672212	0.000939591366396312
mcuentas_saldo	0.0169786181245094	0.0163406026773403	0.0134556574923547
numero_de_cliente	0.0153452860040964	0.0195985050620256	0.0254221513096663
Master_fechaalta	0.0150561485468927	0.01121469576595	0.0199707485706688
mrentabilidad_annual_lag2	0.0144180939514082	0.0103469748924449	0.0147054912910517
cliente_edad_lag2	0.0134576607271761	0.0106645871279866	0.015645082657448
mprestamos_personales	0.0132298372508179	0.0252335555471624	0.00577050924079245
Visa_fechaalta	0.0127328965710443	0.0100876611727388	0.0177901874750698
Visa_mpagominimo	0.0124551160769634	0.00860099318204141	0.0117980764969197
cliente_edad	0.0119075721661099	0.0131893451492645	0.0202543987944865
mrentabilidad_annual_lag1	0.0118354319146271	0.0083311875306749	0.0139254531755529
cproductos	0.0117582943277389	0.0219053803356237	0.00923636041306564
mpayroll	0.0111376913391284	0.0114196513731101	0.00174622169037805
ctarjeta_visa_transacciones	0.0109281995855562	0.00948107021884099	0.00534503390506582
cliente_antiguedad	0.0106695506445464	0.0102061218356474	0.0163098878695209
foto_mes	0.0103324154297812	0.0126144017037932	0.00915658378761689
cliente_antiguedad_lag1	0.0100337588032423	0.009000060031861	0.0121615033461862
mrentabilidad_annual_delta2	0.0099789892605653	0.00847822287189624	0.0144041129282454
Master_fechaalta_lag1	0.00953937458062634	0.00893252141140428	0.0138190843416212
mrentabilidad_annual	0.00948379001437236	0.0104631288313799	0.0144661614147055
mcomisiones_lag2	0.00939967970067511	0.00514554768737932	0.0105659708372114
cliente_edad_lag1	0.00939086824332251	0.0111735902089142	0.0148650445419492
Master_fechaalta_lag2	0.00931540283946555	0.00673694226735261	0.012764260071799
mactivos_margen_lag1	0.00926766932424619	0.00954023750864584	0.0116207951070336
mcomisiones	0.00923506643158515	0.0156427238126419	0.0135088419093206
mpayroll_sobre_edad	0.00920587182651242	0.0042615824817996	0.0012852900766742
ctrx_quarter_delta2	0.00917936923461554	0.0076656856563467	0.0125426583344413
Visa_fechaalta_lag2	0.00890563481319324	0.00631723257951593	0.0113548730222045
Visa_status	0.00880302610330969	0.0179487897515402	0.00254398794486549
mactivos_margen	0.00874255994482648	0.0130813289866801	0.0124717457784869
mcuentas_saldo_lag1	0.00870156792296229	0.00808058616692444	0.0107521162965918
mrentabilidad	0.00860428327961126	0.00717845415915983	0.0131188228515712
mrentabilidad_annual_delta1	0.00858208606118559	0.00878823108371951	0.0129947258786509
mcomisiones_lag1	0.0084136131953064	0.0080854355707597	0.0131276869210655
mcuenta_corriente_lag1	0.00818467962044272	0.00983221580872304	0.0109648539644551
mrentabilidad_lag1	0.0081014034456212	0.00864705921629478	0.0127022115853388
Visa_mpagominimo_lag1	0.00767648068827831	0.0109442020600093	0.009537738775872
chomebanking_transacciones	0.00757096235089559	0.00508209836858436	0.0115764747595621
mcuenta_corriente_delta2	0.00755622104193223	0.007553870183688	0.0103620972388424
mpasivos_margen_lag2	0.00747708830747865	0.0064981453023647	0.00961751540132075
chomebanking_transacciones_lag1	0.0074653991712065	0.00661399063741566	0.0111509994238355
ctrx_quarter_lag2	0.0074385702485657	0.00886691486740441	0.00998094225058725
mcuenta_corriente_lag2	0.00733687092954721	0.0193063634540565	0.0105127864202455
Visa_fechaalta_lag1	0.00732928079219056	0.00679358368840237	0.0112662323272614
ctrx_quarter_delta1	0.00729478293553501	0.00819092766577905	0.0115942028985507
mactivos_margen_delta2	0.00727908587955806	0.0122621946126135	0.0101670877099676
mrentabilidad_delta2	0.00723357019478551	0.00686817937121883	0.0111864557018127
mcuentas_saldo_delta2	0.00717311791604311	0.00544619091207588	0.00967069981828658
chomebanking_transacciones_lag2	0.00715355791303399	0.00624431800735178	0.0104241457253025
mtarjeta_visa_consumo_lag1	0.00710108397857286	0.00592063035799197	0.00537162611354873
mpasivos_margen	0.00694042015958635	0.00572368464269341	0.0112573682577671
mcuenta_corriente_delta1	0.00689715777568118	0.0116897716323273	0.0113371448832159
cliente_antiguedad_lag2	0.00684246431468853	0.00728174339882798	0.00957319505384922
mactivos_margen_delta1	0.00671098955895092	0.00725645769342719	0.0105836989762
chomebanking_transacciones_delta2	0.00671084926571316	0.0057065391152298	0.00922749634357133
mcaja_ahorro_lag2	0.00661702590490806	0.0104512782020744	0.00813721579577184
mcomisiones_delta2	0.00660559059634353	0.00707959884883715	0.0105748349067057
mpasivos_margen_lag1	0.00660325559865099	0.00495656923577941	0.0109205336169836
mcuentas_saldo_delta1	0.00655298276574295	0.00553301847607791	0.00950228249789478
kmes_lag1	0.00640179827425808	0.0049884647080271	0.00712671187342109
chomebanking_transacciones_delta1	0.00631498717802012	0.00547486765782105	0.00903248681469663
mactivos_margen_lag2	0.0062658571022678	0.0098474748898761	0.00863360368745291
mcaja_ahorro_lag1	0.00622206950575262	0.00526708778476499	0.00754332313965342
mrentabilidad_lag2	0.00613541930149842	0.00559019064777647	0.00908567123166246
mrentabilidad_delta1	0.00597513859426711	0.00841487081736045	0.00964410760980366
mcuentas_saldo_lag2	0.00588120587795254	0.00862229105281624	0.00899703053671941
kmes_lag2	0.00580258866472398	0.00339538061184823	0.00724194477684705
mpasivos_margen_delta2	0.00578585348490668	0.00465151489681051	0.00931613703851438
mpasivos_margen_delta1	0.00578458419819589	0.00450947065303657	0.00831449718565794
cproductos_delta2	0.00575957867953283	0.0101620305060139	0.00235784248548509
mcaja_ahorro_delta2	0.00565733847309183	0.00428609727788697	0.00727740105482427
Visa_mpagominimo_delta1	0.00562117158458781	0.00633416856854467	0.00734831361077871
Visa_mpagominimo_lag2	0.00554738960651669	0.00663026198734008	0.00765855604307938
mcomisiones_delta1	0.00541288864074177	0.00613687642437241	0.00941364180295174
kmes	0.00509715274061618	0.00368605785235988	0.00713557594291539
cdescubierto_preacordado	0.00503390681183928	0.009672028178234	0.00225147365155343
ctarjeta_visa_transacciones_lag1	0.0050271102101323	0.00403432273905986	0.00529184948809999
mcaja_ahorro_delta1	0.00483561262476513	0.00519668166985276	0.007153304081904
mprestamos_personales_delta2	0.0045601069193703	0.0152236841674795	0.00395337499445996
ccomisiones_mantenimiento	0.00438144623309938	0.00587530761480558	0.00257944422284271
mprestamos_personales_delta1	0.00434476193977516	0.0134318537664141	0.00341266675530736
mtarjeta_visa_consumo_delta2	0.00431481266010397	0.00555639011692171	0.00578823737978106
ctarjeta_visa_transacciones_delta2	0.00411553277004782	0.00505656830174233	0.00433452998271506
Visa_mpagominimo_delta2	0.00405905383900351	0.00396059763140263	0.00606302353410451
mtarjeta_visa_consumo_lag2	0.00405753887520883	0.00265865248076813	0.0045827239285556
cproductos_delta1	0.00403168696162018	0.00825619738725181	0.00173735762088375
cproductos_lag1	0.00392089229858532	0.0091109262773978	0.00622257678500199
Master_mpagominimo	0.00391232882314964	0.0113664298114445	0.00468022869299295
ctarjeta_visa_transacciones_lag2	0.00385965346351905	0.00229748987298493	0.00452067544209547
cproductos_lag2	0.003740154600218	0.00600152540258132	0.00527412134911138
ccomisiones_mantenimiento_delta1	0.00359237860209784	0.00577977970278116	0.00148916367504321
mprestamos_personales_lag1	0.00358114235615748	0.00577258214760261	0.00267694898728006
ccomisiones_mantenimiento_delta2	0.0034537794424824	0.0126986973950735	0.00235784248548509
cdescubierto_preacordado_delta2	0.00316675735101834	0.00204128440679564	0.000576164517129814
mprestamos_personales_lag2	0.00299422704534046	0.00376295665677001	0.00243761911093383
mtarjeta_visa_consumo_delta1	0.00272277099988739	0.00337611028059942	0.00372290918760803
Master_mpagominimo_lag1	0.00266091382752854	0.00504529285243859	0.00319992908744405
Master_status	0.00254769908998988	0.00867923147140344	0.00232238620750787
internet_lag1	0.00244830992786872	0.00450934697132429	0.00296059921109782
mtarjeta_master_consumo	0.00241614528484061	0.00372399631700597	0.00180827017683819
ctarjeta_visa_transacciones_delta1	0.00234157434905139	0.00291095176627743	0.00312901653148961
ccallcenter_transacciones	0.00232019298516493	0.00892443707035664	0.00263262863980854
Master_mpagominimo_lag2	0.00227330473557212	0.00341708555155959	0.00313788060098391
cpayroll_trx_lag1	0.00215188753259036	0.000897234572196428	0.000558436378141205
internet	0.00189563930290185	0.00414060615687912	0.00276558968222311
ccallcenter_transacciones_delta2	0.00184729148021808	0.00325955047352123	0.00195009528874706
cdescubierto_preacordado_delta1	0.00175243088252731	0.00635555830000872	0.00112573682577671
Master_mpagominimo_delta1	0.00167464416187568	0.00378982500777062	0.00208305633116164
ccallcenter_transacciones_delta1	0.00163301724661797	0.00474172089282704	0.00213624074812747
Master_mpagominimo_delta2	0.00153928355829662	0.00246163952104348	0.00210964853964455
internet_lag2	0.00144183416911256	0.00356913600609478	0.00199441563621859
mpayroll_lag2	0.00141578061567142	0.00141942476539817	0.00115232903425963
mpayroll_sobre_edad_lag1	0.00138764298507243	0.00117486219126949	0.000966183574879227
mtarjeta_master_consumo_lag1	0.00137942874160632	0.00250038371800937	0.00172849355138944
ccomisiones_mantenimiento_lag2	0.00134386687852592	0.00213395683229778	0.00152461995302043
mpayroll_sobre_edad_delta2	0.00133578990975523	0.0023258339989796	0.00126756193768559
mtarjeta_master_consumo_delta2	0.00132966285739192	0.00275530133335965	0.00157780436998626
mpayroll_lag1	0.00132474328648611	0.00154145898923629	0.00134733856313433
mpayroll_sobre_edad_lag2	0.00130997021058823	0.00176293511093541	0.00115232903425963
cdescubierto_preacordado_lag1	0.00109062675131364	0.000799497200457538	0.000983911713867837
mtarjeta_master_consumo_lag2	0.00106860144048847	0.00162488590654736	0.00137393077161725
ccomisiones_mantenimiento_lag1	0.00098966377711867	0.0106259618095597	0.00172849355138944
mpayroll_delta2	0.000984140566752085	0.00191773177980049	0.00112573682577671
cliente_edad_delta2	0.000978065068151409	0.000767471442134295	0.00179054203784958
ccallcenter_transacciones_lag1	0.000937889090798928	0.00408019064241492	0.00158666843948057
mtarjeta_master_consumo_delta1	0.000898914677588447	0.00199550055897319	0.00124983379869698
Master_fechaalta_delta2	0.000868842759666495	0.000402082041853847	0.00140052298010016
mpayroll_sobre_edad_delta1	0.000846440015677852	0.00230442685601237	0.00114346496476532
Visa_fechaalta_delta2	0.000756110546521141	0.0012524154280407	0.00168417320391792
Master_fechaalta_delta1	0.000753473236679529	0.000440688747984238	0.00155121216150335
mpayroll_delta1	0.000712598375381065	0.000967205399529044	0.000850950671453264
Visa_fechaalta_delta1	0.000700592688309695	0.000456009069596772	0.00138279484111155
internet_delta2	0.000684257090413768	0.00267371162983289	0.00188804680228693
ccallcenter_transacciones_lag2	0.0006448760102167	0.00193542126663946	0.00119664938173115
Master_status_delta1	0.000570614456000813	0.00105672514216143	0.000434339405220937
Visa_status_lag1	0.000511674664386726	0.00375408459530242	0.000753445907015911
cdescubierto_preacordado_lag2	0.000507671764832666	0.00048553477622136	0.000744581837521606
Visa_status_delta1	0.000458630444992974	0.000650585619668887	0.000443203474715242
internet_delta1	0.000435866681000808	0.00206039983570578	0.00138279484111155
cpayroll_trx_lag2	0.000399659523451437	0.00209729421055745	0.000593892656118424
Master_status_lag1	0.000379177120987246	0.00165510567171269	0.0005495723086469
kmes_delta2	0.000353270121766007	0.000316073418898155	0.00053184416965829
cliente_edad_delta1	0.000311681680626776	0.000929039384548224	0.000771174046004521
cpayroll_trx_delta2	0.000308630837489563	0.00101056544602885	0.000478659752692461
cpayroll_trx_delta1	0.000276710450155004	0.00146243958381759	0.000469795683198156
Visa_status_delta2	0.000220212934663264	0.00326412069290888	0.000469795683198156
Master_status_delta2	0.000216240214540587	0.000392254148901087	0.00025705801533484
Master_status_lag2	0.000185756088170273	0.00162811003661983	0.000452067544209547
Visa_status_lag2	0.000115901560486409	0.00071329524977683	0.000354562779772193
kmes_delta1	6.1738018566383e-05	0.000337814982805867	0.000186145459380402
